4763
9508
31231
41644
57859
94013
101043
102051
104407
111767
152516
162052
162175
172739
175222
178172
179847
200056
200411
205006
219238
226454
230504
241375
245300
248545
254868
269663
285206
299131
301348
309437
316512
361587
365588
375728
418077
431077
448444
450632
455202
457343
464314
472614
475997
501731
503871
521972
533458
558464
564610
574761
609047
628869
648297
662944
667907
669110
678117
683550
690799
693991
695295
713339
724830
726336
727527
750151
762957
773688
782987
817256
821149
835653
846185
848438
862431
869933
885267
901855
904174
934834
938416
940147
942634
964734
965976
971429
979621
1003673
1015059
1016108
1017024
1055806
1059936
1062886
1073166
1086238
1086447
1102484
1142199
1142208
1154756
1155884
1170285
1185532
1199282
1201266
1204027
1211783
1230001
1255119
1256820
1299721
1321783
1330008
1334128
1334557
1362610
1365391
1377944
1419716
1422959
1447307
1451767
1467500
1475953
1493526
1494711
1498078
1502482
1535096
1535296
1545714
1554033
1571523
1584212
1595680
1600428
1604865
1624071
1631484
1636903
1641099
1641626
1644336
1659527
1679277
1683728
1691082
1694096
1703990
1704614
1710725
1721726
1728107
1730780
1738846
1742112
1749048
1776654
1779717
1800069
1809215
1857481
1865753
1867280
1873257
1875211
1879843
1884282
1896937
1903251
1918107
1929070
1939283
1946730
1949972
1959667
1968778
1976666
1980280
1987712
1989407
1992159
1995600
2005620
2008704
2009740
2017194
2023616
2044085
2045094
2050193
2051147
2069497
2075786
2078276
2096079
2122419
2128420
2141627
2176491
2196603
2199506
2215857
2219483
2219985
2222891
2227401
2237543
2240859
2240967
2246642
2260622
2269464
2270352
2277006
2298713
2302329
2305483
2305648
2310144
2313480
2325659
2348320
2351643
2353472
2356251
2357067
2357884
2361355
2362888
2391573
2393768
2403831
2412945
2413069
2447164
2451436
2467208
2477725
2488761
2491982
2497912
2499549
2503567
2504208
2512493
2531142
2535341
2551216
2553640
2567450
2575323
2575530
2578472
2584402
2586943
2591701
2598360
2602514
2602952
2605775
2608525
2612715
2622024
2654667
2655457
2658191
2659190
2664964
2674163
2712703
2740848
2743985
2755120
2756367
2771974
2778644
2785500
2799808
2825974
2836954
2846493
2855185
2862349
2865529
2886436
2899609
2915644
2915890
2927343
2931879
2941533
2963686
2964267
2965818
2972377
2972565
2994241
3013171
3041620
3041855
3057585
3074649
3097339
3097846
3098033
3122981
3144000
3145072
3146903
3157603
3170697
3182816
3182919
3192595
3194335
3197919
3218546
3252599
3262127
3262825
3266999
3297390
3332967
3342220
3346469
3370459
3375465
3376630
3385041
3386203
3415546
3437890
3459839
3465651
3468516
3470651
3476309
3480186
3490355
3491240
3495878
3509461
3514450
3515568
3518685
3525021
3531777
3536099
3547867
3550309
3557020
3559287
3571681
3583020
3583908
3591003
3610611
3648591
3652261
3657367
3666453
3683382
3685347
3685850
3696457
3699957
3703663
3712832
3745537
3748883
3755600
3757580
3784816
3785958
3792218
3793727
3812776
3818055
3823301
3866330
3888999
3904823
3905919
3933054
3933200
3945101
3962919
3976594
3977667
3986488
4016668
4027161
4053996
4062936
4070574
4072024
4072818
4081288
4084586
4096032
4102977
4108054
4128119
4130154
4131378
4133302
4135429
4156347
4157170
4159992
4171847
4173718
4177553
4179111
4197076
4220128
4247929
4252975
4257122
4260557
4290468
4314305
4317630
4318058
4322710
4329646
4333550
4340828
4363000
4376379
4378576
4380863
4380868
4389083
4399578
4402655
4409911
4424414
4424553
4433169
4433292
4469981
4471639
4481716
4493648
4494949
4496187
4516272
4525167
4527306
4529695
4542370
4562155
4583856
4600985
4612559
4626575
4663817
4665596
4669335
4699873
4712926
4722392
4727763
4729441
4734722
4754472
4769860
4777025
4777856
4789792
4796506
4811860
4812845
4813897
4816441
4825549
4832747
4851556
4856558
4858713
4860317
4923067
4938039
4948854
4973147
4991588
4991949
5028072
5030243
5036269
5040639
5057568
5069969
5070566
5073247
5080614
5109665
5118970
5145021
5148142
5148682
5150471
5180854
5194453
5206863
5209252
5212754
5215293
5224335
5228469
5239467
5240526
5248337
5258966
5264698
5265698
5268643
5272182
5302173
5302983
5313224
5346109
5355486
5360179
5394245
5400508
5460585
5485745
5488728
5497590
5514027
5529350
5545207
5554337
5591393
5594727
5604242
5606197
5606607
5607675
5610009
5663232
5668905
5691186
5692300
5693178
5704277
5711191
5718395
5727399
5741517
5786025
5801464
5840150
5856345
5884771
5894248
5901238
5930911
5940377
5953622
5979202
5994979
5999927
5999954
6002137
6005408
6022501
6034446
6047226
6051029
6051683
6058307
6065272
6075834
6086623
6097380
6122035
6134567
6134693
6160930
6165175
6171414
6173345
6175435
6200227
6209007
6209689
6222217
6228555
6229918
6247186
6260049
6264246
6288175
6291398
6301396
6309502
6310385
6322263
6341153
6342981
6364139
6373863
6374509
6376034
6376992
6383672
6385187
6389950
6394571
6400094
6402825
6403400
6403518
6410891
6421779
6428683
6452106
6454317
6462836
6462973
6480175
6482428
6483967
6499006
6511843
6515970
6517378
6518596
6547614
6588562
6600157
6640260
6645140
6664583
6677568
6689010
6695659
6698277
6729700
6746799
6747079
6752675
6757053
6759024
6764386
6772470
6773374
6773960
6776018
6787441
6795797
6798447
6800742
6801187
6826689
6837172
6850827
6851039
6875965
6893549
6895534
6897952
6916005
6916217
6916616
6925235
6936144
6956820
6961932
6983590
6987300
6992031
6997240
7008744
7032432
7035576
7044374
7046550
7050010
7063881
7064246
7066708
7067122
7083346
7091988
7092579
7093723
7102332
7109769
7112507
7112600
7129707
7200772
7210850
7214075
7216147
7240688
7244496
7245960
7250524
7251934
7252200
7252541
7263528
7263747
7270093
7275851
7290896
7295111
7304358
7366612
7420452
7421110
7444299
7447139
7470066
7482865
7490571
7490887
7491035
7528046
7530421
7563228
7565911
7566121
7570563
7585203
7585716
7597571
7599586
7612723
7620235
7623217
7623526
7631325
7653984
7665524
7667476
7671729
7727725
7733123
7740693
7742010
7772080
7783226
7784648
7805572
7815003
7832534
7834813
7845921
7855186
7857480
7858699
7861720
7888286
7889106
7908338
7922538
7937859
7943970
7978189
7979257
7980024
7986852
7989216
7997392
8002222
8009429
8025206
8026534
8029704
8030406
8065032
8120351
8128136
8143810
8154739
8161060
8167340
8186072
8199483
8209077
8210547
8213659
8220377
8223228
8227465
8233121
8234704
8242467
8281881
8296129
8297544
8310169
8312818
8316392
8317578
8334181
8341503
8341958
8351053
8355691
8358352
8361519
8361551
8386250
8428393
8432876
8440637
8452382
8454516
8460997
8463199
8464980
8481731
8481734
8484155
8489107
8492785
8497437
8507100
8509791
8510789
8512506
8514144
8532586
8540825
8541482
8541897
8584368
8617240
8619064
8623569
8628076
8637543
8645196
8649215
8667721
8674009
8684658
8702190
8727958
8734299
8754455
8758247
8761667
8768120
8772793
8794958
8797824
8852303
8852458
8865097
8868500
8876145
8890626
8902844
8908895
8914135
8922568
8931448
8943498
8950434
8956334
8963778
8968993
8982025
8985296
8987891
8993778
8994492
8998274
9001139
9016717
9039922
9047418
9065263
9068342
9074834
9111131
9111248
9113334
9126705
9129362
9135885
9169634
9182620
9184113
9204161
9205978
9206789
9215189
9219837
9220667
9228000
9231246
9233697
9243579
9250932
9251790
9264906
9271505
9272804
9278166
9293877
9295185
9297093
9317102
9321134
9322573
9342922
9345784
9351521
9379334
9385133
9395030
9398493
9406395
9413023
9421745
9446564
9459055
9469356
9471877
9474151
9476227
9483965
9492486
9509658
9510114
9513142
9523056
9528506
9543753
9548324
9567266
9568726
9595801
9609455
9622869
9632102
9641163
9642497
9660584
9678317
9684586
9688046
9689294
9690121
9694602
9698808
9704261
9709438
9718077
9726210
9726726
9728126
9728279
9736434
9736754
9755611
9767670
9769986
9780784
9781377
9787860
9796486
9820986
9821623
9829326
9830816
9843921
9856802
9867112
9867350
9910608
9910822
9913925
9919189
9941552
9961367
9964390
9967058
9977168
9985676
9988043
9993251
9996149
10011657
10012046
10022254
10034053
10057483
10059338
10066720
10078575
10089800
10096792
10097565
10114906
10125681
10128826
10147289
10150681
10189021
10193910
10197320
10200104
10208481
10221294
10234286
10252036
10254047
10255592
10264522
10287882
10288160
10288348
10290558
10303985
10321650
10340364
10360953
10366592
10374199
10375384
10380116
10390890
10394404
10404335
10429358
10439546
10451447
10454596
10464881
10466449
10475749
10478012
10480175
10483975
10486291
10489094
10492187
10492793
10510118
10527932
10536386
10553156
10564242
10564419
10583584
10585388
10588663
10595517
10597241
10635994
10639355
10640551
10662077
10664318
10667522
10701331
10707361
10712957
10713790
10715092
10718428
10733874
10736990
10739412
10751434
10762609
10765255
10784263
10801124
10831058
10842431
10851227
10857903
10860168
10865604
10894481
10897696
10900421
10915043
10924376
10933180
10936973
10937429
10942063
10944945
10982341
10997381
10999669
10999933
11000532
11001698
11006364
11028661
11029556
11056283
11061508
11077107
11098842
11104367
11105402
11107070
11108259
11128941
11137086
11144260
11144286
11149169
11167298
11167360
11170597
11176609
11190756
11204346
11232677
11237884
11238193
11260792
11265340
11265366
11272390
11272972
11280069
11295589
11299541
11307595
11335486
11345010
11382815
11386706
11388392
11392269
11395940
11409158
11424033
11431437
11434589
11435190
11441751
11442207
11461766
11471050
11472671
11480200
11482916
11485374
11490728
11508684
11524180
11540280
11545749
11549532
11560955
11561620
11562925
11572181
11584538
11610202
11616059
11639069
11643191
11653432
11667207
11675251
11688684
11726021
11737176
11753919
11756787
11765923
11769202
11777461
11777570
11786786
11799827
11804919
11808484
11862104
11868164
11887106
11897006
11898280
11899221
11910630
11953341
11954566
11958619
11962570
11963395
11978894
11987674
12001785
12008818
12022701
12027068
12034564
12042385
12043028
12048751
12058960
12059846
12067092
12075662
12080396
12088601
12106989
12113222
12119730
12120740
12124377
12133859
12147318
12154730
12180084
12185954
12201831
12227518
12229768
12254251
12267532
12289155
12300155
12302588
12303282
12335871
12360449
12399796
12404377
12406663
12408374
12429834
12430616
12444437
12444647
12447332
12450457
12480497
12494008
12515974
12538099
12538619
12545371
12564091
12578400
12588532
12603062
12605066
12610773
12627115
12648420
12670757
12692422
12696255
12701307
12712323
12725838
12752816
12783864
12804526
12812436
12816345
12816463
12824692
12831984
12836905
12850675
12851487
12860011
12861307
12865406
12882034
12894810
12898782
12911273
12922185
12923286
12931356
12979056
12995969
12997920
13002836
13025450
13035086
13049892
13053107
13057547
13068125
13071205
13086124
13109277
13113917
13120814
13138581
13149221
13154114
13159788
13160649
13167456
13202828
13240368
13241085
13243003
13247637
13254505
13255016
13273967
13279834
13281698
13310041
13310768
13320812
13335548
13369548
13386467
13394880
13409797
13413694
13428568
13429957
13437747
13442444
13446775
13456532
13460181
13462216
13468779
13469788
13469863
13471426
13475547
13480099
13487428
13490268
13499784
13510764
13514479
13517256
13537489
13543858
13552686
13553975
13580715
13587234
13610725
13613259
13613875
13617741
13637002
13642163
13686180
13696989
13736782
13737107
13743701
13786471
13790071
13796865
13801948
13805896
13809342
13809626
13813698
13820267
13825571
13844695
13845039
13853311
13857831
13861630
13864663
13870620
13902261
13905559
13931938
13934733
13939361
13941840
13960438
13973537
13974975
14005172
14008743
14016097
14017142
14032627
14033894
14036900
14040336
14041206
14078031
14089906
14093985
14097611
14104636
14119608
14146733
14197324
14210895
14212008
14216634
14252000
14253433
14256799
14267347
14283483
14290242
14290584
14304462
14311058
14336504
14337504
14345971
14350986
14356541
14364997
14374233
14374534
14383797
14391921
14401065
14438075
14443213
14452272
14458420
14462131
14470529
14486442
14506724
14523867
14531091
14541191
14549779
14550455
14564348
14594129
14614226
14617526
14621799
14648794
14650705
14650870
14666687
14673842
14676390
14681616
14682043
14719869
14729727
14744567
14755978
14756820
14762487
14767000
14767835
14770568
14775781
14786044
14787925
14793361
14798852
14805645
14812831
14813991
14823819
14834225
14841755
14852845
14857823
14868819
14881017
14883562
14886684
14890300
14892369
14897075
14898799
14913365
14929781
14948955
14953549
14959625
14963720
14968572
14990974
15005386
15034347
15075089
15082195
15085560
15115189
15134512
15135143
15139853
15142050
15157255
15190614
15192534
15198412
15199847
15214852
15217708
15218254
15227400
15227585
15228738
15248630
15254641
15255038
15259229
15264932
15264983
15288280
15296731
15300282
15303768
15310852
15312225
15318373
15337137
15341006
15344679
15353379
15356050
15358364
15371536
15379579
15383419
15384591
15405878
15412866
15415513
15430659
15436296
15436406
15447438
15459683
15471361
15472835
15499114
15501714
15503859
15506198
15513780
15528441
15528690
15534605
15552752
15563337
15582789
15589823
15590725
15591718
15592317
15606928
15628624
15631917
15642386
15670345
15718732
15727297
15748395
15759775
15779329
15795556
15800007
15805477
15808688
15813513
15813809
15819053
15834765
15838135
15845328
15870583
15873996
15901649
15910118
15925645
15930816
15934654
15957292
15963232
15965724
15990624
16010974
16041854
16052985
16055648
16060798
16087924
16140384
16146693
16150881
16157287
16173394
16175267
16199973
16207568
16212518
16214899
16220189
16227222
16231414
16240551
16243001
16271073
16277026
16285438
16290226
16304287
16308103
16314022
16326748
16356008
16357600
16369569
16370722
16437163
16439121
16451019
16518855
16527160
16532549
16547576
16552008
16558931
16563920
16575594
16582771
16589085
16593663
16597001
16599837
16613028
16617132
16627972
16631700
16643516
16644583
16648375
16673881
16682836
16690636
16691384
16693674
16697840
16699088
16719968
16733178
16734501
16739278
16740635
16748278
16756301
16760450
16766354
16767134
16775264
16777120
16802867
16803286
16804491
16805339
16807748
16845753
16846734
16851839
16856713
16868248
16874086
16897203
16905740
16916642
16922277
16926824
16931710
16936039
16940867
16964000
16986061
17014838
17038773
17043273
17065103
17069555
17079857
17093393
17093914
17094730
17112242
17127772
17134942
17145257
17161355
17172798
17174918
17182198
17186688
17190011
17190686
17192094
17197861
17217372
17219387
17233776
17245569
17246052
17252754
17269767
17272777
17277624
17283129
17285656
17287996
17288027
17300995
17313575
17326825
17329344
17336685
17337609
17355816
17365128
17369010
17375812
17393585
17397589
17430903
17455600
17462284
17465578
17467071
17481786
17489521
17521999
17537201
17550781
17555192
17594709
17607535
17613452
17627794
17632179
17640720
17644028
17663282
17668061
17679988
17697424
17717309
17728887
17730444
17744918
17748806
17761893
17765503
17771153
17779605
17790131
17793466
17827078
17838091
17838794
17839787
17853357
17855689
17860579
17887982
17888481
17889445
17889455
17892247
17897633
17905287
17906544
17914128
17918932
17923456
17925537
17931131
17932338
17940277
17941053
17944361
17954474
17964074
17985152
17985212
17991019
17991585
17993617
17997541
17997792
18005100
18017472
18019131
18022411
18036540
18052878
18065674
18078365
18085207
18090148
18092440
18096366
18103905
18122089
18126317
18147177
18149458
18158263
18172526
18180331
18192603
18193638
18203322
18213853
18245302
18249395
18267636
18283887
18286547
18294344
18294574
18338207
18341666
18361359
18412420
18453257
18466130
18466990
18484221
18488307
18490611
18493012
18497530
18502157
18511795
18523393
18543996
18553112
18556177
18558315
18586878
18591537
18592266
18608937
18626100
18633145
18650252
18662495
18670051
18677867
18683654
18684075
18705161
18714884
18716243
18717309
18719378
18742808
18746609
18752467
18766441
18788418
18793232
18796426
18799659
18801153
18803494
18815434
18818504
18842093
18854281
18865188
18869692
18872881
18875805
18886153
18902326
18904383
18956007
18956207
18961736
18969744
18980425
18982345
18996259
18997856
18999670
19018717
19027789
19038504
19040631
19045831
19051491
19052732
19067526
19071081
19072030
19076420
19078540
19079430
19081202
19084754
19091536
19096948
19101565
19102514
19111939
19121277
19125904
19138604
19152748
19171592
19175539
19177974
19195185
19205040
19206490
19209449
19211388
19212132
19233142
19236299
19236700
19241530
19242941
19250525
19254189
19272107
19272142
19272326
19296383
19297329
19329240
19345296
19348690
19350301
19358599
19371619
19374630
19374670
19398521
19401176
19411978
19413769
19445958
19448476
19459612
19465474
19472969
19482698
19532294
19534786
19537219
19553919
19577537
19581622
19602855
19625333
19625947
19636906
19647968
19657279
19666719
19672407
19674575
19674668
19692402
19704846
19712221
19717429
19737991
19750967
19758488
19760487
19788081
19789764
19796216
19797515
19798341
19800718
19808839
19841059
19881492
19886820
19915476
19918595
19929573
19940499
19942853
19954881
19958006
19958929
19988814
20008687
20022854
20023251
20033089
20035204
20045592
20045711
20048303
20061565
20072892
20079754
20089556
20097369
20102237
20116376
20168229
20171405
20173091
20205029
20214285
20214358
20237530
20252095
20258784
20264865
20278101
20289807
20289861
20305612
20320332
20328479
20329073
20334801
20340138
20344558
20346449
20359766
20361553
20364921
20368727
20376452
20382285
20385792
20397540
20421348
20428222
20450032
20451159
20452189
20460328
20461479
20461945
20462386
20481404
20513893
20533052
20534803
20549548
20561089
20564828
20605244
20615809
20621436
20641232
20668146
20695220
20703063
20729585
20747673
20749099
20758193
20781315
20783508
20785707
20786330
20804436
20810547
20843423
20858383
20859521
20866013
20866086
20870298
20872431
20879913
20881028
20882762
20911426
20915817
20941102
20944897
20955625
20955876
20964192
20965641
20973407
20976722
20999693
21006557
21009971
21010897
21037280
21055915
21059838
21064565
21072940
21073295
21090362
21108853
21120496
21140569
21145547
21189012
21194997
21199495
21201401
21204992
21205037
21223349
21234115
21235211
21261828
21280531
21281101
21299440
21307076
21320783
21323522
21324177
21334788
21366468
21381455
21395995
21397214
21403928
21418786
21422162
21441539
21454737
21479110
21496940
21516242
21521677
21524958
21548734
21567427
21567836
21579271
21585337
21586949
21594347
21602781
21619548
21625090
21637008
21638139
21639895
21640478
21662981
21672909
21674303
21687165
21688419
21698467
21706223
21707568
21713594
21714538
21734697
21743999
21761458
21771427
21773610
21798243
21798671
21813070
21815159
21826596
21828913
21830266
21832984
21834440
21861912
21882420
21888450
21897431
21901255
21910515
21915179
21918434
21920329
21923462
21924782
21939734
21947164
21948228
21952569
21966579
21967266
21980829
21985265
22011856
22028889
22033208
22054027
22055969
22072569
22086153
22089845
22098655
22105258
22108239
22115802
22119564
22123956
22127152
22136989
22150791
22151663
22153863
22166555
22185515
22206877
22219740
22235441
22241350
22276076
22284126
22287899
22310780
22315549
22320423
22326181
22330048
22332538
22336619
22354205
22370029
22370724
22374964
22384161
22384174
22410823
22414057
22416325
22443115
22447483
22449285
22449798
22456566
22497369
22522840
22532290
22559454
22559671
22566757
22571139
22571965
22594592
22600920
22605833
22613709
22618400
22631278
22651421
22656414
22666514
22673120
22674393
22707811
22714615
22721540
22727832
22738810
22740051
22747273
22748309
22755362
22757330
22782575
22793588
22798911
22810481
22813997
22838788
22861434
22871723
22884442
22910787
22922034
22948164
22955586
22957798
22965640
22967044
22970543
22973012
22974251
22987684
22999539
23001703
23012494
23014509
23017786
23027907
23036018
23040835
23045837
23048327
23077665
23078749
23088577
23093790
23105942
23126917
23138918
23145883
23153481
23159922
23160024
23182213
23190703
23193132
23227953
23228208
23231042
23244768
23247607
23254311
23256180
23257697
23260378
23268374
23271219
23275985
23292385
23294400
23300595
23327273
23346277
23348679
23374082
23383557
23402249
23409173
23426188
23426280
23428693
23431779
23443206
23454333
23464862
23487977
23487977
23492502
23516661
23526456
23534450
23534904
23544367
23550522
23555589
23559796
23570772
23576159
23586454
23587481
23587947
23610472
23612972
23623023
23627806
23636955
23644801
23646106
23646624
23647224
23660012
23665949
23726363
23731180
23738258
23756219
23765785
23783670
23787703
23803033
23813499
23817557
23821502
23848811
23851911
23860545
23870183
23898735
23904856
23913893
23931713
23941756
23945183
23965887
23976764
23994825
24001320
24004447
24007252
24010415
24016458
24020295
24023496
24041458
24060786
24070062
24094138
24094463
24108943
24127832
24133392
24153956
24155136
24157815
24176663
24194574
24199416
24202473
24230852
24237202
24265224
24270003
24302028
24302222
24302772
24313347
24316063
24316979
24323793
24326820
24327127
24330266
24331601
24346530
24348456
24374845
24375382
24383487
24394416
24413877
24420659
24436998
24453428
24459035
24474334
24502708
24505115
24563347
24582493
24585127
24596689
24614581
24627173
24640197
24652939
24658121
24658302
24667372
24674787
24676210
24678232
24680822
24688594
24697573
24709582
24714841
24733547
24753315
24760469
24765493
24780264
24780328
24806728
24829876
24855304
24856196
24871063
24874403
24877424
24893885
24894464
24914666
24942985
24961006
24962875
24970387
24971375
24972691
24977685
24988013
25001273
25017624
25022551
25028744
25038739
25059766
25072033
25079474
25094947
25104466
25106569
25113333
25130963
25148814
25187078
25215537
25230576
25232388
25254293
25271647
25273258
25277609
25283062
25289384
25289531
25318681
25346418
25368117
25369268
25391925
25410255
25431085
25431738
25447609
25455602
25464972
25465914
25468166
25482259
25488094
25490973
25500966
25504693
25518197
25526638
25528760
25547667
25576880
25577562
25617006
25621104
25621644
25626234
25631099
25642870
25654939
25675946
25684385
25685280
25688402
25694110
25730568
25763405
25769449
25789579
25790093
25794526
25795004
25819391
25821543
25825024
25844262
25850334
25851085
25852962
25860830
25867073
25867146
25871205
25877761
25883410
25890264
25895913
25901568
25918666
25921658
25935116
25956667
25961380
26005502
26010466
26026506
26028757
26036746
26042469
26053235
26068822
26079497
26084798
26106118
26110656
26140790
26141964
26143280
26149441
26158408
26170125
26179269
26189490
26194140
26196719
26204410
26221458
26254060
26254309
26281729
26286711
26301314
26311671
26332173
26359639
26396545
26398558
26410093
26411431
26429090
26441539
26442984
26448177
26453963
26463294
26463588
26467873
26475663
26481772
26489534
26500553
26515777
26533054
26533718
26602301
26643142
26657958
26666055
26671303
26724548
26731583
26756655
26759736
26766247
26769896
26781785
26800474
26801629
26803277
26812652
26835551
26863202
26878428
26882405
26902365
26922609
26924488
26928795
26939085
26942445
26950802
26953792
26966741
26967555
26984691
26988587
26991978
27014400
27021091
27037085
27045978
27046500
27060463
27068307
27076795
27080793
27089173
27093299
27112234
27125672
27128109
27130314
27133689
27136287
27139614
27140233
27145958
27162669
27163688
27180774
27194126
27196303
27213560
27214388
27264214
27271156
27273509
27274439
27278639
27292617
27295180
27320549
27324571
27344987
27351297
27353436
27395489
27398043
27412366
27416520
27443965
27450238
27464040
27464987
27481175
27484959
27523661
27533848
27543985
27583263
27583988
27587594
27592604
27614992
27618350
27635018
27652275
27655354
27679551
27684972
27692432
27721877
27729125
27729803
27729834
27745625
27751403
27769767
27774150
27824689
27832716
27836640
27838893
27845425
27848475
27865156
27876523
27879530
27880341
27891973
27896658
27909335
27914465
27916034
27966269
27968399
27971790
28008734
28009074
28019066
28019217
28020220
28020645
28021556
28086660
28095234
28100284
28109384
28109394
28109562
28109838
28134809
28135560
28160793
28167015
28167379
28184182
28194605
28254115
28274218
28285047
28290547
28293653
28295154
28303256
28324170
28328613
28368417
28376467
28377421
28396982
28399804
28407261
28426667
28447124
28454071
28478988
28486504
28492411
28493283
28502519
28506714
28508034
28511496
28525608
28529098
28534109
28541206
28545685
28546533
28561609
28563774
28571116
28580329
28584665
28588289
28596951
28611763
28611823
28624299
28630593
28633300
28640739
28657654
28665128
28672804
28703693
28723880
28739895
28743110
28747004
28756679
28761330
28764266
28765066
28768346
28773083
28780586
28785608
28785949
28803018
28803076
28808465
28814916
28817458
28818641
28844487
28847476
28865757
28867634
28870300
28871022
28872859
28878678
28912785
28915689
28922762
28939357
28948851
28955272
28958957
28970898
28974849
28987251
28988635
28989013
28994309
29006086
29006226
29010902
29020882
29026129
29044182
29071919
29078498
29106978
29123365
29125737
29133968
29145869
29146380
29153298
29184416
29186307
29189601
29197368
29210743
29232917
29236438
29245562
29255341
29261708
29291421
29343713
29350531
29352673
29356982
29366652
29374813
29384359
29386462
29399885
29409846
29420265
29427633
29430118
29433984
29438922
29441653
29443361
29472742
29484588
29499335
29506487
29509326
29509387
29512395
29541016
29547173
29549426
29557455
29569103
29581782
29586256
29592814
29594001
29658120
29680727
29693592
29698374
29710507
29710813
29723425
29724483
29730193
29733425
29736485
29737461
29763580
29772216
29783353
29801194
29809762
29812520
29815575
29831290
29842414
29865320
29883516
29890222
29890777
29895720
29896015
29912137
29925010
29949678
29952874
29962964
29970664
29989836
29999067
30005929
30010241
30025452
30025882
30033222
30034939
30035081
30045364
30049924
30053697
30055115
30066096
30066562
30069750
30090516
30091449
30092194
30102517
30103694
30108521
30129194
30130696
30166841
30168516
30174539
30178928
30184437
30185668
30194426
30199276
30247408
30260855
30267563
30287785
30290609
30291621
30293064
30301825
30311820
30313412
30322538
30340748
30341306
30355018
30357816
30360164
30375475
30381576
30397064
30423534
30450033
30461791
30466196
30469721
30497620
30529649
30532649
30535154
30543519
30545889
30547304
30561928
30562350
30568696
30589278
30605955
30608281
30609477
30612551
30617402
30620158
30632346
30641888
30651900
30656153
30683952
30685723
30693964
30712788
30717778
30736741
30744962
30747900
30770966
30772633
30772783
30772808
30775441
30777648
30802958
30807040
30810633
30821607
30827461
30829251
30830313
30838683
30842368
30856134
30856473
30882558
30883217
30894649
30899209
30919527
30944993
30951465
30963502
30987250
30987727
30994114
30994240
31020716
31031735
31075343
31077549
31077593
31079469
31087969
31091491
31100172
31104565
31118560
31124362
31127472
31135852
31151893
31152674
31160016
31161113
31167995
31181853
31205409
31206014
31214393
31216041
31222059
31238038
31241305
31246276
31265864
31273917
31288044
31298956
31301125
31309962
31310218
31323699
31338326
31338370
31339849
31362840
31366865
31391967
31392482
31396166
31397105
31399498
31403526
31404992
31410187
31416439
31416941
31426350
31426810
31463227
31464758
31481496
31511347
31515934
31522040
31529575
31537408
31550469
31553386
31565941
31580738
31580850
31589728
31594405
31603847
31611010
31618407
31621006
31623292
31629709
31643744
31647530
31703537
31705784
31728675
31731136
31734674
31738236
31750437
31756406
31758047
31781120
31783946
31786483
31793796
31803580
31809653
31827368
31829319
31841571
31843226
31860508
31866969
31892922
31893878
31903754
31923682
31953458
31954947
31954995
31964490
31973864
31984886
31995580
32012722
32016764
32021304
32024497
32024751
32039135
32052952
32055907
32068660
32073837
32076716
32078050
32080751
32081041
32082627
32091030
32098388
32113570
32121633
32127638
32152678
32153088
32157423
32164325
32172353
32177907
32188927
32191378
32194445
32205286
32207230
32207351
32208047
32208390
32210774
32229476
32240414
32245426
32251050
32255851
32278542
32297795
32305973
32341687
32366190
32367442
32377921
32394282
32397686
32409231
32419431
32421759
32425102
32430226
32433749
32439903
32446838
32450781
32459864
32463805
32512700
32518156
32525673
32531085
32549557
32574964
32615690
32627989
32642238
32652250
32653404
32653866
32659750
32663620
32669766
32675736
32680825
32684747
32686252
32692611
32694839
32711960
32733620
32744433
32751117
32766522
32776659
32786385
32786832
32788856
32796762
32816707
32857767
32858397
32869642
32877780
32887675
32889358
32898009
32905352
32953604
32970707
32974785
32975974
33012441
33019810
33026304
33042962
33060432
33068428
33082388
33086094
33103628
33103818
33106297
33114420
33118268
33137576
33141158
33151053
33167688
33177504
33191980
33204415
33228194
33240242
33247783
33254809
33264494
33265638
33269511
33273289
33280100
33288803
33291620
33298370
33304367
33304712
33307136
33307161
33308768
33313028
33313377
33339809
33340003
33355326
33359748
33376060
33389712
33416331
33418079
33432509
33436718
33441393
33461759
33470308
33472538
33479019
33490330
33495051
33495178
33501645
33511508
33513816
33522161
33533031
33546341
33547066
33564064
33567787
33578550
33580375
33585185
33586564
33586973
33595947
33610929
33617256
33621832
33622348
33625533
33628636
33660971
33668415
33679051
33681802
33729914
33734345
33743144
33760387
33762948
33767002
33773376
33776721
33800557
33812472
33816385
33830270
33840020
33847216
33849024
33895836
33897315
33899316
33901318
33906233
33911207
33925442
33926209
33926408
33956663
33963710
33966681
33967409
33969080
33983853
34007203
34034754
34057045
34077683
34081947
34083406
34123268
34123536
34125702
34132277
34152284
34159092
34170892
34182736
34186193
34210619
34241152
34241351
34242832
34243647
34256763
34267041
34268357
34270503
34276833
34278472
34289123
34289247
34289361
34291893
34293009
34293689
34303535
34305799
34306233
34347831
34376657
34384051
34389658
34403477
34455482
34457664
34460725
34461587
34499044
34504401
34516595
34520246
34533444
34535610
34543789
34548636
34560390
34566935
34578914
34584926
34600463
34601091
34607340
34628857
34628963
34630301
34643179
34654451
34663943
34686878
34690047
34691680
34704642
34706265
34708112
34737258
34762471
34768302
34776072
34782556
34808613
34812820
34814237
34817777
34824560
34842072
34875017
34878465
34882368
34883414
34891610
34893387
34902573
34904023
34921528
34938770
34946829
34957108
34994132
35026424
35027423
35029196
35029607
35031598
35032260
35044832
35051686
35073561
35078402
35087523
35087770
35098099
35100812
35109145
35112520
35115747
35116711
35120876
35132416
35134360
35152120
35156965
35168174
35170382
35186189
35197264
35218585
35226282
35236306
35246635
35246997
35247356
35254756
35266622
35278861
35307833
35318839
35332348
35332919
35333488
35348738
35353623
35359807
35365014
35369105
35371457
35389345
35413045
35413240
35413512
35416871
35424277
35431491
35432897
35434130
35441675
35478948
35499737
35505825
35509143
35535911
35563675
35568208
35572084
35574055
35577777
35578099
35579823
35586311
35589649
35590042
35596543
35600679
35660961
35675246
35708415
35717047
35721189
35730830
35750751
35779379
35785159
35794424
35801074
35825062
35825361
35829886
35831459
35856192
35863529
35868261
35879986
35882762
35885670
35889636
35892401
35900946
35901909
35905703
35909598
35916004
35931399
35939265
35947186
35964245
36001233
36003154
36012089
36033935
36038798
36041710
36069959
36083800
36094660
36096027
36107912
36111885
36118809
36119955
36134943
36142166
36149384
36150650
36159523
36202675
36205566
36219250
36232446
36235147
36243828
36288759
36295884
36305152
36305662
36313886
36317176
36331122
36342069
36342354
36354475
36372553
36392673
36396919
36400478
36405931
36429458
36434795
36441465
36456552
36464613
36466295
36494518
36507121
36519352
36528023
36530520
36531644
36539997
36543958
36569078
36570085
36572199
36572875
36577720
36579538
36580019
36620898
36630350
36635146
36646137
36649805
36650700
36662979
36676362
36676792
36682295
36688498
36693250
36696421
36732861
36734366
36746840
36762911
36763990
36784132
36793015
36797496
36797726
36809739
36817816
36828131
36838691
36840109
36845408
36846021
36852525
36856497
36875294
36878444
36882833
36887267
36892079
36892323
36895903
36898292
36914029
36934198
36956983
36961342
36978683
36979161
36984342
36984608
36987510
36998191
37003159
37008488
37024244
37024359
37030786
37033590
37034564
37037809
37046830
37053644
37053964
37075653
37090086
37091360
37102035
37109037
37115985
37136819
37138000
37147110
37152602
37164892
37173811
37178672
37184829
37186439
37190331
37194130
37197682
37201831
37211955
37213702
37215501
37224783
37240880
37241053
37256859
37262603
37264085
37275439
37280269
37280840
37292200
37299508
37300480
37305064
37357483
37374665
37375655
37401926
37413679
37427121
37428615
37485214
37495523
37496174
37502729
37504097
37507421
37520858
37541942
37543365
37558523
37562829
37578872
37584502
37611439
37623583
37624873
37625353
37626341
37633077
37643465
37655650
37658276
37689512
37690029
37690917
37700137
37712343
37715494
37737382
37742833
37743712
37746312
37755193
37757148
37776705
37783972
37815146
37836162
37840166
37847143
37852791
37863110
37868825
37872392
37873673
37874816
37881154
37882976
37907442
37922281
37923643
37936919
37943197
37958338
37962643
37964287
37978865
37991510
38036546
38055209
38070335
38071144
38071983
38097375
38098952
38108428
38112441
38112915
38113361
38127008
38128882
38138139
38150651
38164188
38170781
38187226
38190273
38201009
38206438
38249027
38268190
38280457
38280463
38282438
38297063
38300051
38308141
38324115
38350400
38354885
38355219
38357905
38360952
38373383
38378283
38405924
38409683
38423771
38432735
38438399
38446200
38460302
38463486
38476710
38486980
38490874
38510860
38535837
38539649
38562348
38569092
38571647
38592952
38618513
38619772
38634937
38652820
38656228
38660216
38664248
38687851
38695956
38699014
38699758
38702092
38746889
38774846
38784817
38796886
38805575
38814454
38857171
38862156
38864878
38870911
38876141
38877721
38896264
38897884
38919401
38928997
38952560
38960698
38966261
38979930
38995437
38998105
39010477
39018570
39026096
39032103
39044995
39065819
39089033
39104814
39111987
39113206
39117550
39118481
39124266
39125097
39125251
39126310
39132780
39133568
39139939
39147785
39156408
39168492
39187457
39208489
39209666
39222089
39226576
39230359
39238150
39249729
39255522
39259123
39284062
39294021
39305127
39320310
39327933
39338715
39340452
39341006
39363611
39382029
39385127
39388464
39394511
39395201
39406519
39415386
39417486
39435428
39443607
39446722
39449782
39457585
39477395
39487177
39494231
39495466
39495929
39501311
39521727
39552926
39562329
39571371
39611951
39625989
39626136
39632267
39668959
39694323
39709558
39714235
39720481
39731025
39735431
39768724
39781965
39786742
39795969
39808499
39810309
39831256
39840902
39848973
39855993
39856279
39861594
39879220
39879559
39893231
39921238
39926160
39926840
39928214
39932851
39955823
39976960
39994107
40019101
40021322
40046776
40052149
40067010
40070236
40082111
40084433
40088007
40090788
40107438
40114040
40117045
40161635
40176398
40187260
40216329
40223991
40226450
40243102
40243384
40243538
40270056
40292854
40320134
40321679
40341875
40348140
40354965
40364481
40376867
40380017
40381118
40415180
40421939
40440243
40491229
40492231
40499096
40513024
40524497
40527954
40540984
40546410
40552870
40553007
40561896
40564729
40569947
40573360
40582853
40586528
40587027
40587338
40593730
40623632
40633718
40656979
40658225
40683694
40691648
40691651
40711252
40713907
40725492
40738128
40747242
40752362
40754814
40761344
40764904
40768122
40785567
40806859
40821960
40823440
40828224
40866984
40879515
40918473
40938502
40940292
40944512
40945686
40947360
40954368
40988295
40993765
40995052
41001344
41039419
41062598
41090268
41092106
41100106
41120906
41126975
41127972
41153468
41157063
41181196
41192686
41198946
41226709
41228546
41236299
41245686
41256456
41260104
41267970
41290455
41318395
41321110
41330030
41337467
41344933
41353909
41354349
41360314
41362692
41363952
41364232
41395815
41408316
41425672
41436371
41439274
41457168
41476836
41483440
41486500
41506342
41514645
41518438
41538078
41538831
41557641
41558921
41592559
41605410
41617435
41625655
41631637
41653294
41661371
41667491
41689762
41706476
41738608
41741287
41743851
41756759
41758582
41770586
41775847
41792070
41795694
41796330
41802628
41809605
41827942
41828585
41830595
41834415
41837836
41851293
41855103
41861273
41862912
41884017
41891165
41903092
41913106
41917480
41936914
41945620
41962769
41966357
41978324
41978326
41997996
42007844
42024153
42029074
42048075
42060629
42065689
42067801
42071645
42105197
42109618
42109982
42121282
42162681
42180261
42189172
42202646
42203153
42227202
42229831
42238435
42257903
42274326
42280071
42285083
42288487
42336269
42338991
42341230
42356792
42368467
42381576
42384086
42396461
42407778
42459452
42469684
42479293
42495184
42502368
42503568
42513385
42516429
42528452
42536268
42542827
42595778
42599494
42619012
42619250
42623348
42644984
42645019
42653958
42657857
42659138
42665134
42679809
42690060
42719839
42720473
42721786
42732585
42737747
42741357
42741472
42743444
42749986
42750585
42755245
42773425
42774245
42781143
42783299
42785724
42839165
42841666
42841811
42868506
42873714
42878302
42879590
42882450
42900759
42903832
42909221
42910105
42918805
42926000
42946159
42958559
42969904
42981761
42983036
42988648
42997961
43011457
43016564
43020381
43022926
43024668
43031716
43076826
43083529
43097463
43102216
43105103
43105786
43119886
43124887
43126262
43135912
43142385
43145788
43169684
43170383
43171379
43172163
43186567
43192404
43199196
43206710
43214863
43226148
43233887
43249598
43257636
43260119
43269173
43270620
43283781
43287800
43311519
43314914
43317325
43332879
43355688
43355822
43365614
43367809
43378968
43391356
43391539
43394325
43398201
43401046
43425363
43427192
43433050
43438957
43444155
43478616
43484849
43503826
43505557
43506280
43508111
43508946
43514897
43518420
43531220
43537866
43539622
43540815
43553855
43560727
43562130
43562314
43567778
43569819
43573001
43579251
43584755
43590668
43621662
43622061
43637142
43638132
43651201
43657831
43663688
43664857
43668366
43674593
43681746
43700399
43705420
43719601
43723970
43728767
43729567
43763584
43772086
43793634
43795008
43807637
43825906
43831820
43837928
43846948
43869530
43879226
43881613
43887859
43888094
43899113
43900790
43907738
43916030
43924077
43927613
43936645
43939013
43945893
43958490
43961232
43962089
43962422
43975722
43983776
43999225
44006410
44013847
44033188
44045815
44053257
44057765
44059347
44065446
44066101
44073253
44082222
44086491
44093972
44095692
44107430
44114321
44127934
44133961
44154400
44155607
44159081
44181646
44208493
44209852
44216812
44252427
44255416
44275927
44281549
44292180
44333994
44337030
44338368
44370322
44400568
44400668
44416763
44419160
44419912
44431968
44435749
44438948
44454932
44470021
44478711
44488658
44527519
44531306
44541392
44564508
44568610
44575236
44585588
44595243
44598192
44599294
44599951
44601236
44603366
44603866
44629532
44642711
44644081
44650177
44653729
44655224
44663056
44677647
44680168
44681811
44710402
44719523
44752995
44753391
44760944
44771202
44777785
44779509
44785064
44801097
44818603
44821080
44848021
44867003
44867276
44875742
44878543
44880084
44886478
44886808
44889131
44895887
44908142
44911064
44919570
44920279
44951366
44962438
44969209
44974048
44987040
44992843
45008838
45018320
45042448
45051061
45058491
45075572
45075599
45075701
45076646
45113666
45118237
45118598
45121891
45159586
45163662
45224845
45238853
45248512
45259345
45275983
45277690
45282379
45290407
45298024
45302557
45318852
45324799
45326745
45334629
45336300
45352848
45355985
45359387
45371793
45376716
45377243
45379741
45381338
45386191
45387402
45403632
45403898
45405132
45406917
45425154
45429292
45439091
45476355
45485307
45486284
45488782
45491733
45492795
45550690
45555895
45566650
45570790
45574099
45587622
45598599
45607081
45615653
45628201
45628780
45640030
45656004
45672685
45681357
45683569
45699092
45702182
45702726
45707098
45707231
45719444
45721750
45727206
45729868
45742306
45770084
45770589
45782366
45788713
45799439
45801665
45812964
45816228
45817785
45828525
45831230
45855205
45876302
45880277
45893301
45909062
45914705
45919285
45922955
45946621
45963056
45963878
45988525
45996121
46006120
46020559
46024577
46050485
46053487
46055370
46068282
46108611
46111142
46118636
46129279
46137859
46139822
46145611
46147949
46149447
46158261
46168998
46169055
46173783
46182678
46217154
46253311
46254439
46274993
46278811
46280266
46307071
46319087
46319279
46333276
46336579
46344403
46357755
46357776
46360976
46370428
46374571
46388748
46410865
46411782
46435605
46442722
46451822
46456653
46476693
46479237
46483566
46516214
46523081
46531439
46538588
46538887
46542228
46542537
46579996
46585054
46586678
46587668
46597416
46606136
46634202
46635922
46662758
46663890
46673568
46674324
46676155
46686009
46695437
46697666
46711285
46736469
46750857
46759479
46761886
46768119
46769824
46771131
46775516
46793825
46795296
46796759
46797025
46797817
46805258
46824689
46830444
46831158
46856866
46911758
46914241
46937435
46942566
46958261
46964784
46974613
47022176
47022969
47031684
47031769
47039622
47052640
47059438
47076688
47091827
47099730
47113816
47132712
47139509
47141944
47148363
47149187
47151884
47171407
47172849
47175610
47190192
47209480
47211573
47213119
47215504
47222230
47245290
47248318
47252855
47253951
47268540
47269439
47269639
47278002
47287405
47293369
47296081
47302477
47306143
47316835
47321176
47338000
47363377
47372077
47379122
47379991
47386473
47399456
47399903
47400574
47405338
47415462
47417113
47417202
47430200
47435643
47444309
47445873
47456266
47458012
47465387
47476233
47507615
47546793
47562956
47563128
47571090
47591146
47599529
47602632
47605285
47619381
47620532
47628383
47635659
47669135
47672591
47693213
47696246
47703112
47723198
47738841
47748546
47751547
47764312
47765538
47769793
47773554
47778847
47780331
47781267
47799167
47801879
47803316
47806286
47811615
47860937
47862471
47863907
47905950
47906004
47913494
47921719
47927995
47946663
47960979
47970197
47975927
47981900
48009470
48013536
48013877
48051213
48062502
48065020
48065773
48084962
48086819
48124371
48126951
48129158
48131088
48136975
48137227
48154651
48158021
48169059
48181951
48197900
48202114
48209042
48212218
48224156
48224723
48239482
48247892
48296816
48301321
48308596
48325714
48326283
48330596
48331378
48333740
48340833
48350362
48351233
48374900
48376881
48404223
48439716
48478546
48485465
48494141
48526250
48546317
48564478
48575869
48577212
48578885
48594402
48600108
48612530
48622520
48629720
48631732
48639159
48645251
48650897
48651095
48652135
48654102
48656671
48664828
48677392
48677633
48679816
48694509
48698546
48705410
48715332
48727001
48729365
48742210
48755180
48765823
48789718
48804682
48816888
48821840
48822208
48828268
48831698
48833744
48836722
48843189
48851321
48865781
48885348
48905966
48920632
48923149
48929241
48932595
48940681
48946362
48948627
48951616
48964240
48984391
49007909
49011909
49017336
49023188
49024855
49039818
49044616
49057368
49060149
49080116
49084649
49088702
49110629
49113999
49123315
49168317
49182270
49183854
49195891
49214460
49242082
49248447
49249618
49254955
49260951
49285437
49297336
49319792
49336562
49341090
49347622
49378573
49384464
49398810
49401154
49403382
49413020
49413296
49419912
49423913
49442582
49446494
49456622
49475284
49483484
49505127
49518959
49560608
49564085
49566274
49570159
49570604
49581771
49587690
49595258
49603948
49662863
49665566
49685306
49690101
49699652
49699849
49705718
49712846
49722530
49726225
49729285
49756016
49756886
49757079
49768055
49770319
49772993
49776936
49780969
49794114
49801313
49817330
49819248
49823079
49847061
49859543
49860035
49860144
49866548
49870108
49871784
49872607
49883394
49884388
49901837
49910975
49915248
49920466
49947600
49951649
49954349
49973130
49976570
49986036
49998179
49998680
50010744
50012689
50014409
50028483
50033397
50034507
50039843
50041754
50063398
50071726
50086396
50089408
50129307
50134823
50138554
50148646
50153438
50197732
50199133
50217365
50227109
50231413
50233484
50242754
50243679
50248297
50265709
50266098
50272449
50283889
50288080
50301143
50308829
50310351
50312840
50340279
50352286
50352513
50357359
50360357
50360608
50363503
50364072
50366029
50366208
50370563
50379717
50383176
50385270
50394264
50410797
50412647
50422577
50426292
50435187
50435599
50440380
50446248
50450857
50453207
50461388
50468758
50510375
50510526
50511756
50525182
50527724
50535942
50541935
50552894
50559375
50565682
50593649
50600121
50618350
50648702
50657892
50660349
50672094
50673582
50681355
50687105
50694030
50713810
50726218
50730855
50748983
50761942
50766680
50784411
50789759
50809616
50811211
50816194
50818654
50823672
50832065
50833370
50836632
50851662
50856391
50881607
50889517
50905339
50907424
50933106
50994449
51019758
51033063
51037822
51042145
51051443
51066857
51069017
51072988
51077109
51077373
51081059
51083650
51091705
51094617
51097334
51104728
51115518
51125006
51148762
51149948
51151284
51156700
51164395
51186034
51199501
51225612
51254729
51262147
51306756
51309592
51310697
51338018
51368149
51369278
51369489
51373677
51378313
51378452
51381012
51381254
51385297
51386052
51400811
51418953
51419964
51421515
51428983
51444146
51453832
51491018
51493078
51498398
51520716
51536547
51544981
51545717
51546376
51552818
51560078
51564472
51588635
51594059
51596443
51602362
51641411
51645640
51653665
51660107
51676570
51683275
51685947
51686621
51688329
51699928
51720444
51727869
51753133
51781056
51783980
51786625
51789402
51795072
51808833
51819089
51823340
51829625
51834231
51836510
51852636
51861326
51864475
51874772
51878172
51879577
51903090
51916014
51921879
51929377
51946976
52025921
52038706
52072069
52073813
52074437
52080691
52089026
52094779
52114538
52114738
52115849
52129496
52134626
52145199
52163108
52167961
52173300
52180824
52193641
52202356
52203460
52210336
52219296
52219335
52220808
52222882
52225083
52242823
52244041
52249622
52264683
52267078
52271514
52273356
52274771
52287084
52295005
52296762
52297000
52321483
52331136
52334150
52341356
52342759
52344308
52349276
52366648
52367205
52369378
52372523
52399755
52404321
52406067
52415365
52421874
52436954
52444936
52452911
52454433
52471262
52476937
52479301
52479735
52482824
52512222
52529579
52549561
52558369
52561663
52568197
52613349
52626343
52637349
52638726
52644809
52654210
52657214
52673182
52675810
52696883
52704047
52704881
52706659
52733630
52762122
52766397
52779853
52793754
52799789
52803378
52814908
52836240
52844988
52865446
52886818
52895249
52903392
52923889
52927768
52931537
52935939
52959602
52961054
52968470
52970841
52997058
52999985
53020538
53025078
53026805
53058918
53061497
53064064
53067425
53083811
53099624
53100992
53101301
53107045
53116777
53150021
53150097
53153516
53165858
53167468
53167623
53167992
53176654
53219149
53224624
53232560
53254067
53265472
53268012
53296699
53315860
53317641
53326897
53328342
53333777
53337852
53337994
53348124
53356123
53390475
53393572
53421477
53422753
53423356
53423964
53453400
53463435
53543685
53550753
53560730
53560973
53585099
53586105
53588210
53591097
53597109
53630271
53632172
53634285
53661165
53664701
53674617
53675741
53676529
53680974
53688483
53704882
53705350
53722359
53724367
53739906
53746375
53751480
53770640
53770881
53771339
53777329
53782237
53800624
53808178
53817084
53826348
53830266
53838878
53854203
53879608
53889194
53889666
53891615
53893675
53895622
53918026
53929436
53953988
53958848
53968111
53974929
53980607
53987778
53992574
54008477
54009423
54011457
54025132
54026288
54030450
54040253
54042545
54060690
54060905
54076902
54083964
54109104
54116261
54121588
54132965
54140641
54145960
54149748
54155739
54165555
54175662
54176024
54201301
54212812
54220339
54229358
54238221
54240809
54256882
54274670
54320768
54321145
54323328
54326944
54328630
54337692
54344093
54350069
54362345
54365022
54379352
54393082
54413320
54426158
54456826
54480151
54487784
54490774
54500825
54505098
54507081
54528479
54535140
54546278
54553392
54554099
54590919
54593502
54594031
54601278
54617929
54632385
54635044
54647480
54648333
54684701
54702704
54717592
54718722
54724058
54731859
54734133
54741580
54749592
54752472
54756265
54761940
54773543
54794290
54798720
54841711
54853828
54870373
54877225
54894041
54900644
54908827
54920165
54925107
54951314
54957455
54964339
54966161
54969579
54975032
54979950
54988807
55001784
55011624
55025128
55039096
55048022
55057540
55058888
55065759
55075367
55076096
55115605
55119577
55120421
55145170
55146358
55150713
55157746
55180156
55192330
55210314
55217049
55224194
55224460
55241449
55241990
55255656
55285891
55289549
55306625
55323824
55326359
55329904
55335536
55340424
55358621
55360966
55371215
55372255
55374955
55377113
55384124
55395083
55441237
55442424
55451313
55457853
55458479
55462011
55464362
55473863
55482365
55484383
55484749
55510202
55521539
55528916
55530652
55554799
55566608
55571938
55575265
55589080
55591216
55592442
55606645
55622518
55627398
55652704
55656662
55659288
55671756
55672875
55676272
55704165
55705416
55719769
55729148
55731815
55753038
55759881
55766563
55780570
55786109
55799517
55827071
55836141
55855211
55858672
55868432
55871844
55885344
55891555
55893487
55909133
55922527
55931889
55945012
55971869
55972534
55987013
56008535
56034543
56036868
56046106
56058999
56065457
56078568
56108680
56110059
56117806
56121832
56135199
56147399
56151118
56162798
56181464
56184507
56185601
56198508
56205756
56209292
56233129
56238115
56261098
56266812
56267527
56274973
56275611
56294674
56301856
56303319
56308467
56321169
56326622
56332441
56333776
56341957
56348075
56352266
56387718
56396405
56403125
56405691
56407492
56409684
56432272
56433767
56443896
56447393
56457451
56463483
56463545
56463766
56470313
56474364
56480798
56510530
56530995
56557286
56558302
56558770
56559094
56576093
56610853
56612152
56616554
56635335
56635615
56652047
56668600
56680001
56682303
56683946
56688433
56702267
56733881
56747346
56751140
56755871
56758628
56761189
56765118
56776660
56802561
56824911
56826749
56839112
56846540
56847146
56864826
56889779
56915113
56927746
56934960
56938843
56965643
56973461
56978221
56983284
56986618
56987530
56994544
56998103
57006756
57008939
57018576
57031297
57049732
57055003
57081743
57086207
57107974
57111012
57127438
57127795
57131139
57131708
57161985
57175568
57182137
57193466
57221738
57229599
57235232
57254339
57264864
57266505
57272591
57296783
57302225
57312734
57313362
57344482
57347930
57386815
57388038
57413900
57470056
57473938
57483495
57498937
57508449
57515026
57523171
57529146
57536226
57536360
57540325
57547713
57554120
57554485
57558097
57560931
57564479
57586340
57595011
57600620
57604450
57629283
57635417
57639322
57655879
57659908
57660898
57669261
57684667
57696630
57697036
57719357
57734770
57743848
57746221
57747330
57750658
57777900
57872859
57879274
57887932
57896285
57896305
57896514
57902458
57906719
57917124
57917824
57920336
57958529
57968861
57993126
57993699
58002726
58010037
58019139
58042928
58044856
58064883
58073239
58078613
58097966
58104274
58107357
58110605
58117136
58122982
58150639
58153381
58157221
58157952
58161261
58162566
58162653
58175191
58176986
58187320
58198697
58198931
58217013
58222591
58258145
58263942
58309159
58333803
58338092
58346553
58352812
58375948
58388065
58394266
58400367
58402220
58406031
58410524
58438574
58444504
58448148
58455363
58455795
58459369
58490143
58501390
58507920
58508867
58509824
58521603
58528266
58535557
58540931
58543851
58563444
58565736
58571832
58572095
58581175
58592104
58600318
58604760
58620730
58645813
58650411
58654448
58666820
58667372
58680033
58680221
58704805
58746002
58767702
58774020
58774542
58774576
58781063
58783044
58799143
58820752
58831307
58831772
58849185
58851589
58857589
58871635
58875112
58876684
58891251
58892139
58903179
58904668
58907784
58921974
58924570
58929452
58966367
58972152
58979221
58987590
58997178
59000186
59007871
59009688
59017834
59018049
59031092
59044282
59045411
59054100
59071215
59081939
59091933
59128038
59132823
59172007
59175203
59193116
59211990
59222514
59234646
59263863
59279043
59295297
59299813
59301346
59301873
59309571
59324425
59326709
59327400
59329584
59335071
59360127
59384466
59388988
59393722
59395585
59396383
59407456
59410989
59414474
59459245
59462109
59481607
59494380
59508872
59513560
59514451
59526518
59586300
59599609
59602995
59605750
59619904
59624225
59627590
59629827
59632109
59638388
59650641
59681081
59682423
59693818
59696001
59710874
59724511
59768166
59780548
59789930
59797308
59801578
59822488
59822626
59843620
59847621
59855195
59869220
59876414
59883768
59886134
59938169
59939425
59948570
59957342
59965058
59971318
59974772
59979318
59987376
59991817
60000610
60007669
60019904
60031151
60045322
60063141
60064146
60068888
60103491
60113126
60127638
60140878
60144610
60169132
60178655
60188320
60206038
60223746
60225233
60255142
60259621
60265542
60272870
60282953
60292538
60322961
60337889
60342897
60362689
60368621
60372891
60381601
60389468
60407429
60410872
60418374
60423581
60426811
60436043
60449419
60455249
60462880
60464760
60464923
60473062
60475615
60483223
60507190
60520710
60522788
60524364
60527117
60528879
60535647
60540077
60542077
60558215
60561486
60561692
60561845
60566750
60570454
60577067
60588793
60593723
60604119
60605058
60607957
60632435
60649761
60651452
60652746
60665273
60667698
60692005
60693361
60695125
60695809
60696919
60714552
60714768
60731517
60754728
60790621
60793829
60795494
60821456
60823570
60887571
60898774
60903096
60905462
60911234
60913539
60922444
60933961
60944474
60946747
60975701
60984681
60990460
60992083
60994396
61014434
61026421
61048853
61074586
61098560
61111137
61111173
61114935
61120183
61121576
61122065
61143432
61172085
61201978
61226894
61231755
61235316
61239898
61249767
61253235
61264702
61265792
61283412
61293908
61295318
61329959
61339436
61363931
61374610
61392990
61396331
61397124
61404916
61413968
61419578
61423010
61435400
61442191
61445447
61451233
61453026
61454176
61466552
61492684
61522743
61550593
61570811
61573095
61581047
61586035
61590617
61594659
61606648
61614905
61615673
61637252
61637589
61651631
61659432
61662293
61666540
61671140
61673311
61679085
61686838
61688703
61699461
61715517
61740016
61753161
61778875
61783082
61793370
61798051
61798427
61817674
61835770
61838664
61848462
61867359
61869423
61882563
61900690
61911904
61931777
61936580
61938459
61945573
61946250
61951852
61959586
61968692
61991520
62014023
62023174
62032510
62036243
62039713
62082252
62086907
62097255
62099963
62121968
62132947
62151051
62151603
62159579
62174885
62199978
62204751
62205917
62227151
62228169
62239557
62243957
62256636
62256953
62264894
62268234
62281085
62296254
62299721
62302057
62302185
62304338
62307954
62341149
62342546
62345076
62346604
62347988
62360361
62379965
62386218
62394421
62404131
62412168
62428205
62431942
62433296
62460150
62477573
62486104
62495274
62546398
62555060
62557954
62558301
62567360
62579173
62603609
62614548
62616315
62622241
62627424
62628322
62633391
62635049
62644163
62644406
62647250
62681296
62685981
62686170
62686905
62705404
62713315
62714694
62725328
62772528
62785773
62789166
62797439
62798210
62820577
62827278
62837705
62849106
62856764
62860298
62878786
62889973
62890180
62907211
62925512
62929277
62931711
62934689
62946271
62964760
62967349
62975355
62983677
63000558
63015531
63016777
63021583
63023736
63034051
63063463
63068194
63077150
63084880
63089824
63093924
63109464
63111080
63118762
63121546
63122990
63141152
63161187
63184287
63225517
63253200
63260980
63261223
63272245
63282473
63286460
63296288
63331371
63339201
63362660
63367099
63371049
63371984
63385789
63396569
63421842
63428275
63434500
63443502
63448980
63451444
63452538
63454686
63454781
63482180
63485585
63486380
63499361
63530007
63532493
63539933
63547270
63550877
63555218
63559765
63575267
63579020
63581923
63593496
63612786
63625095
63637999
63667053
63677138
63682697
63685446
63689647
63691250
63702795
63703498
63735823
63746771
63754099
63762896
63763963
63769992
63772245
63774741
63791147
63809006
63812709
63814369
63816359
63816681
63816685
63825051
63832429
63839189
63840247
63856184
63864838
63875349
63907073
63909089
63911779
63916341
63918088
63928836
63939919
63977582
63982995
63988290
63990796
64014158
64015852
64031913
64040293
64056612
64067576
64073262
64074884
64077731
64078518
64084891
64092488
64093443
64102623
64104118
64105362
64124054
64127109
64135511
64151053
64170925
64177385
64182363
64199149
64223821
64229887
64231256
64245199
64270901
64276972
64280735
64292256
64310372
64314940
64328907
64333194
64333198
64334271
64364081
64371258
64375474
64379590
64387633
64392174
64393625
64395016
64397809
64402234
64409583
64436691
64446966
64462145
64472915
64489350
64498043
64501749
64506905
64511138
64513410
64516591
64526246
64535610
64535883
64541699
64542203
64545957
64549359
64549880
64581355
64592174
64601313
64603311
64610528
64613742
64621128
64622186
64623030
64625039
64625424
64638171
64650841
64661071
64685786
64688959
64692931
64700714
64708822
64723829
64748028
64749249
64759144
64763456
64767223
64801557
64814228
64823145
64837915
64853792
64860175
64870683
64871869
64890596
64904468
64908634
64909302
64913861
64933709
64935368
64942931
64964728
64965871
64986643
64999556
65021798
65033792
65064375
65086842
65104592
65104949
65120961
65145928
65146393
65150204
65151954
65158045
65159111
65160984
65163973
65173435
65178596
65184142
65213548
65224193
65226396
65237284
65242321
65243365
65280621
65283727
65286404
65293460
65316562
65336058
65338821
65345458
65348513
65352392
65354292
65372767
65387376
65409633
65432805
65465275
65485264
65486027
65491214
65500890
65509093
65525424
65526435
65528882
65544856
65548781
65549526
65560270
65578866
65581119
65605218
65611490
65618132
65626497
65627134
65644807
65645524
65651599
65657541
65658433
65660722
65670387
65687840
65693083
65695860
65711186
65711368
65712309
65716886
65735407
65735618
65737548
65747169
65759940
65772118
65772660
65776196
65826038
65845141
65887482
65896101
65896249
65904185
65908396
65916680
65942771
65949694
65954748
65961558
65985272
66009414
66019594
66021225
66030827
66039136
66061609
66089681
66093342
66093503
66115243
66143617
66160181
66183161
66184177
66198954
66202600
66230197
66259605
66261724
66262602
66263424
66271710
66276036
66283844
66297691
66308475
66327140
66327841
66330151
66347452
66350079
66359595
66360028
66363301
66364492
66379573
66387383
66405951
66412684
66414671
66426225
66431477
66443722
66468134
66473934
66480724
66501965
66508666
66515244
66521498
66543751
66570165
66579394
66579857
66588619
66598927
66614553
66618148
66631851
66651274
66657238
66661453
66661786
66664910
66669518
66686223
66689804
66699172
66704684
66709711
66721981
66726007
66750479
66751178
66802006
66805244
66808099
66823318
66853136
66885051
66899339
66911908
66912540
66929051
66995191
67004575
67012668
67012913
67022671
67023430
67044485
67045421
67058821
67063650
67069888
67076042
67091131
67096126
67096462
67102406
67104440
67108985
67110634
67124722
67126032
67127081
67130798
67131056
67132041
67160257
67174414
67178571
67209502
67213949
67216781
67243767
67246847
67247842
67291691
67292101
67296886
67312161
67341853
67355929
67357286
67360393
67362432
67384808
67389073
67399235
67400633
67402172
67404663
67426868
67432406
67470301
67476169
67485274
67488549
67494804
67497434
67499139
67520023
67525958
67547857
67549669
67550567
67555783
67560356
67565129
67567351
67574805
67575846
67584757
67585199
67600303
67603943
67607675
67626105
67626147
67629567
67640993
67641299
67643888
67651836
67655958
67685437
67713706
67714212
67728979
67729400
67749992
67769838
67782498
67792115
67811215
67831916
67835294
67836314
67841407
67852440
67859296
67860506
67864469
67870310
67876589
67884228
67884526
67899871
67906431
67912921
67923624
67944060
67949562
67954703
67959964
67966035
67969637
67977340
67988907
67990035
67997860
68002210
68003146
68019178
68027275
68027428
68032795
68035046
68035658
68036192
68055213
68088990
68095969
68105729
68107352
68115136
68136200
68141570
68141898
68147355
68148655
68149757
68158590
68169472
68172388
68187845
68201938
68203003
68212823
68213020
68229194
68230928
68239424
68245072
68252976
68275564
68278194
68286881
68314175
68315221
68320381
68326120
68331147
68331661
68341562
68345955
68358271
68373049
68380995
68390285
68390304
68391423
68431460
68445486
68447012
68447042
68456842
68472946
68478996
68502491
68533221
68548100
68553415
68554484
68557307
68565736
68567742
68599792
68601405
68620175
68622039
68629580
68635388
68637626
68644137
68645353
68673012
68690665
68715686
68715763
68721816
68724199
68725844
68733173
68739436
68756621
68770837
68775251
68807645
68816221
68816498
68840780
68860007
68868923
68874762
68883610
68888732
68894185
68904051
68908235
68912756
68914817
68922584
68926395
68928320
68931402
68946111
68948443
68963160
68966917
68973439
68979864
68995946
69009337
69028283
69048315
69050300
69053431
69055732
69087505
69098862
69105210
69129973
69138102
69142769
69156994
69158890
69159512
69177465
69178317
69198567
69204646
69206883
69232831
69233058
69243817
69246965
69253112
69271254
69271697
69303182
69309749
69313455
69315089
69325159
69347204
69350801
69357156
69362522
69368999
69373056
69373796
69393476
69405200
69406646
69431219
69433137
69433724
69445301
69453055
69468847
69514118
69517075
69533487
69540217
69541191
69562383
69568518
69577339
69602805
69604839
69628695
69628998
69630444
69646157
69660652
69666080
69668670
69670512
69677740
69680103
69681032
69711423
69722518
69771188
69776756
69779120
69787930
69793129
69795498
69796408
69801523
69804570
69812207
69816109
69817740
69832853
69842504
69844972
69845404
69866265
69878129
69897761
69900013
69904797
69910548
69922775
69925466
69942268
69960712
69962137
69971239
69975656
69978431
69991815
69995872
69997148
70015268
70045713
70053999
70059286
70070113
70073430
70074229
70107934
70111404
70170276
70181308
70186093
70190332
70229597
70267567
70300889
70301462
70329032
70331079
70331168
70336080
70343653
70369205
70369807
70396822
70422530
70430883
70435065
70450169
70452955
70454595
70470340
70494670
70515375
70534903
70539955
70541477
70576297
70595652
70596690
70602648
70614483
70636766
70638917
70666283
70669601
70672974
70673471
70691844
70692448
70709981
70714786
70734947
70751392
70756509
70762872
70766142
70774454
70774991
70777280
70794712
70797914
70817615
70830069
70845828
70850258
70875371
70883833
70884816
70886827
70892185
70896526
70910048
70911911
70920014
70935260
70942604
70949426
70960120
70974886
70978443
70993504
71025116
71025873
71038644
71053568
71061996
71071797
71088280
71088544
71090090
71091959
71098273
71102692
71107325
71110464
71116253
71119704
71140682
71148140
71161371
71162767
71175605
71184488
71221462
71223468
71243327
71249572
71263555
71277585
71280237
71283069
71310992
71338561
71347632
71349600
71351031
71363881
71415272
71422543
71429038
71432702
71437011
71453414
71468964
71479969
71497936
71499257
71500418
71533833
71534346
71535331
71542387
71543540
71561792
71584041
71585634
71586227
71595163
71606837
71612075
71626564
71631677
71635393
71635778
71636047
71662123
71705726
71716838
71729622
71756682
71764752
71765925
71777542
71812026
71834029
71842031
71847273
71850313
71861638
71883200
71904640
71910138
71929619
71932923
71933819
71934360
71937024
71943998
71954310
71955862
71964114
71997212
71998875
72050563
72052906
72058115
72060798
72063659
72065307
72066430
72072214
72079534
72092025
72106884
72111421
72112385
72122504
72133974
72137310
72161121
72162512
72166722
72171376
72173797
72195390
72205581
72213316
72216666
72219911
72226951
72235212
72246405
72269755
72270048
72313780
72324139
72332322
72342761
72357742
72361201
72368713
72371971
72379044
72379940
72380878
72384999
72387558
72403869
72404411
72436575
72438447
72445024
72453608
72457652
72459281
72460137
72470110
72476573
72482482
72494659
72499342
72501202
72503396
72509018
72517518
72537774
72538095
72546887
72562624
72562783
72566232
72569412
72577361
72592547
72599081
72605510
72610470
72624280
72655101
72655213
72675001
72703812
72714981
72720791
72731336
72732553
72747723
72773973
72777495
72795620
72807453
72809069
72830488
72836676
72844352
72859368
72889169
72891651
72907834
72910756
72911723
72926250
72941116
72948829
72951025
72956972
72960151
72976291
72982632
72986018
72993126
73001695
73013754
73029934
73035470
73038202
73041141
73047118
73047797
73050566
73061913
73071316
73084769
73111375
73111842
73114479
73128295
73149664
73151947
73181128
73181729
73184887
73185334
73186730
73191754
73191909
73201728
73203659
73210118
73213725
73213866
73215567
73237687
73246362
73246977
73256395
73257471
73264942
73265180
73279188
73280827
73289526
73290338
73293882
73301060
73301172
73305607
73308269
73312614
73329753
73339888
73351773
73358450
73372090
73373808
73386596
73394239
73395185
73400183
73400952
73404101
73405539
73425068
73442602
73445181
73465828
73469280
73479695
73483696
73496269
73505007
73520208
73533548
73541804
73555642
73578665
73581593
73592453
73593038
73615150
73645077
73648522
73713665
73718186
73723166
73723515
73734162
73734623
73736506
73741369
73744891
73747079
73786593
73790207
73793900
73805494
73823733
73829463
73881992
73882124
73900910
73904118
73917513
73920949
73921742
73937776
73939475
73947012
73951611
73954368
73955995
73970838
73979790
73988254
74008159
74028076
74040189
74041177
74046959
74052781
74057360
74071479
74074599
74075603
74086955
74090293
74096551
74115272
74133737
74141385
74151238
74163708
74187223
74194092
74206268
74231318
74242316
74247072
74252013
74252567
74266039
74291122
74298301
74299492
74301332
74320974
74322042
74322370
74324859
74330259
74340407
74343555
74346101
74350492
74360999
74374118
74377106
74378608
74386195
74408637
74414974
74436738
74438810
74444750
74452791
74497262
74497619
74508986
74533446
74541826
74545696
74550462
74551325
74568319
74585512
74592051
74599524
74605835
74607510
74612485
74624489
74630067
74661627
74667345
74668836
74686521
74696655
74702871
74745116
74754600
74762651
74770055
74771119
74772015
74773388
74810676
74818268
74825215
74855407
74863703
74868107
74895443
74909523
74917616
74922291
74936041
74937395
74953343
74964002
74976382
74989020
74997604
74998189
75001555
75013715
75015269
75026044
75028857
75029777
75037619
75048124
75057551
75064751
75067249
75077021
75086191
75100856
75114785
75115918
75133940
75153952
75156355
75156715
75160278
75165953
75202265
75202533
75209381
75236825
75256754
75265223
75270249
75277763
75278102
75297999
75303766
75309970
75332242
75332580
75351991
75359583
75360304
75376056
75383895
75389864
75392003
75435106
75452252
75464972
75465109
75489371
75518746
75519486
75522509
75522624
75539455
75547128
75556488
75556982
75588653
75591007
75595019
75595154
75630334
75644197
75678200
75683696
75692125
75729923
75748707
75769981
75777399
75780558
75789113
75795294
75819443
75828683
75831534
75835875
75862126
75887469
75894677
75902201
75916073
75918361
75920067
75922634
75940878
75944662
75951213
75955610
75962410
75979379
75985078
75989978
76010654
76036501
76039925
76055497
76060660
76062315
76064627
76078506
76081684
76090737
76095502
76102326
76105205
76128470
76131960
76132491
76138306
76170166
76175938
76181788
76185477
76245063
76255905
76275380
76280862
76285761
76285899
76286718
76293551
76316908
76324995
76338269
76341291
76346444
76346703
76352382
76354990
76356898
76363031
76389193
76402210
76407974
76416998
76419068
76419916
76424045
76431086
76457873
76459126
76467376
76468322
76488174
76488973
76494064
76495131
76500305
76507041
76513256
76533911
76537314
76547179
76548433
76555445
76556837
76566681
76572455
76576099
76596089
76596719
76601776
76602770
76622486
76645900
76659360
76662794
76672899
76688066
76693414
76715853
76721404
76727053
76736696
76741014
76746298
76760134
76762391
76770851
76775514
76776180
76778143
76798198
76812307
76817259
76820474
76834915
76836878
76839576
76841774
76865408
76871943
76889839
76893981
76896135
76898124
76903803
76916351
76921764
76939374
76944003
76951118
76954966
76956361
76958003
76970586
76976376
76980003
76984662
77000981
77016800
77032534
77035467
77045654
77047487
77056052
77061549
77066798
77098159
77101856
77120658
77131427
77132785
77142138
77154352
77155757
77160310
77194164
77212349
77213290
77235311
77256335
77257715
77259911
77270465
77287812
77300161
77307446
77311335
77320843
77324268
77333762
77352563
77379655
77385354
77395300
77400904
77401087
77404262
77404720
77420693
77421160
77426265
77453284
77454652
77458799
77468928
77492687
77511037
77524982
77532319
77540842
77544020
77577547
77580496
77584111
77595139
77597987
77606476
77608396
77608428
77650225
77665538
77672425
77676726
77705729
77713301
77716365
77719924
77720576
77729651
77730480
77732353
77734098
77737349
77758569
77765509
77766305
77780676
77805843
77829679
77851712
77864979
77904198
77920107
77924507
77929961
77933375
77940754
77940797
77979425
77982830
77994823
77997533
78001599
78017952
78023306
78047136
78055529
78062253
78069155
78083847
78091219
78092444
78106830
78107097
78113365
78122411
78131694
78140311
78159904
78160575
78168324
78169642
78205681
78212826
78214398
78216639
78217817
78227680
78228723
78232075
78235054
78243755
78247925
78272974
78273701
78283291
78292262
78299732
78302277
78311819
78315792
78338125
78350530
78354595
78377006
78384469
78395755
78399518
78415820
78420639
78422354
78426738
78432202
78432577
78437179
78438848
78441495
78448438
78479002
78506541
78526899
78551927
78570474
78576560
78594131
78595208
78599444
78614839
78622592
78639861
78672114
78699028
78700878
78701276
78713033
78714908
78718328
78723568
78727521
78745709
78755330
78757043
78772316
78780685
78787291
78788172
78792495
78794445
78813222
78817975
78824847
78828866
78834356
78844076
78850453
78855170
78855312
78855742
78864202
78865528
78883789
78910560
78912879
78929265
78956811
78985111
79001255
79001742
79004147
79005839
79012235
79020012
79059627
79060366
79079581
79088435
79095157
79111478
79114356
79121309
79129737
79130828
79138281
79139535
79139961
79148659
79151315
79153173
79160859
79174079
79207532
79211012
79224369
79237957
79238212
79251359
79251911
79286556
79292812
79322082
79322859
79329681
79342839
79369766
79369952
79378469
79387807
79415416
79425528
79454021
79492053
79493937
79494674
79506490
79549175
79553933
79575124
79583699
79596813
79602811
79603471
79609489
79627638
79663408
79670527
79675350
79683800
79684425
79709340
79716891
79728986
79734223
79737234
79741153
79741903
79746167
79756236
79767942
79772388
79775026
79820903
79844597
79850857
79853282
79865524
79872488
79874368
79875775
79894653
79896882
79900192
79903225
79908504
79947240
79987851
79996684
79997943
80009055
80014889
80032957
80042545
80051252
80051331
80055306
80067666
80067668
80071059
80071947
80075265
80079779
80107483
80114128
80123376
80128121
80141898
80150972
80187002
80209460
80209671
80216922
80244874
80272116
80294118
80299369
80304188
80315650
80318308
80347240
80361202
80361286
80366423
80384403
80390372
80404282
80407028
80408147
80414118
80426130
80450526
80450710
80462513
80473315
80477218
80502325
80517928
80533790
80539062
80544569
80546337
80557283
80580453
80588023
80594685
80617944
80631966
80644311
80650213
80665934
80669682
80673945
80682896
80685258
80691830
80692070
80706350
80708096
80728502
80730282
80735807
80737251
80738936
80743630
80763739
80769542
80776776
80786764
80796177
80798776
80807566
80812762
80823343
80828115
80838131
80840649
80843926
80872728
80878092
80889895
80906591
80924294
80956353
80978210
80979297
81005117
81024160
81066996
81075799
81075904
81080270
81094652
81114380
81116430
81120558
81122231
81134134
81157748
81162040
81162172
81165562
81176952
81178845
81179424
81181060
81246542
81264781
81269057
81277032
81280187
81283831
81293533
81294234
81298004
81298993
81302047
81314022
81318502
81323505
81355782
81399283
81418302
81421676
81422469
81442648
81447624
81458836
81463237
81469906
81476387
81494452
81500177
81507921
81513596
81523886
81524905
81539574
81556880
81559018
81563331
81568808
81580032
81580217
81600191
81618008
81625497
81642527
81647659
81654535
81665935
81666946
81680245
81686702
81720903
81743937
81760942
81779790
81780480
81783778
81799667
81808113
81812668
81813203
81821740
81825166
81835535
81837804
81841178
81849476
81849902
81850424
81856874
81862376
81895479
81903124
81910304
81910372
81932741
81961559
81988023
82006916
82014779
82050666
82067556
82079422
82084460
82102192
82117612
82118556
82119373
82128494
82133606
82140826
82148105
82150729
82189957
82193292
82200266
82230694
82233134
82243726
82252963
82263212
82271062
82281009
82285703
82288268
82294917
82297736
82298738
82318620
82325192
82325889
82326445
82341026
82354513
82395752
82398082
82411326
82414445
82415991
82420136
82433879
82454251
82455486
82488939
82489443
82500910
82507907
82514028
82514985
82538104
82538490
82545209
82547947
82552099
82565761
82568916
82576373
82582563
82594729
82598888
82606001
82618675
82624676
82646410
82656281
82658035
82664067
82683037
82740701
82745402
82766563
82769237
82771363
82780637
82794039
82795117
82804310
82804325
82818656
82824031
82824347
82838174
82845538
82851632
82861125
82872172
82874726
82878133
82878867
82880697
82886340
82898345
82900864
82905143
82938824
82946148
82948684
82970976
82981554
82982322
82988503
83003215
83003360
83007369
83036286
83055942
83060117
83062208
83072483
83098503
83099793
83117387
83128832
83142554
83145975
83157748
83160994
83169195
83198503
83207296
83210228
83223574
83259271
83269757
83273022
83295161
83295334
83298338
83313392
83325120
83328475
83333397
83338158
83359733
83363903
83382204
83392426
83397428
83402280
83414519
83414722
83425734
83427343
83437932
83445018
83445274
83447183
83454582
83460113
83477562
83481680
83527027
83529148
83529360
83538699
83563776
83566347
83587891
83589943
83596858
83613187
83618706
83618994
83619755
83622786
83624901
83629445
83654092
83677028
83678182
83682398
83687418
83691219
83697142
83699394
83708199
83709953
83721253
83730250
83734359
83745783
83753688
83781320
83786048
83786647
83796717
83796835
83810405
83816491
83819756
83820999
83854988
83914115
83927797
83955999
83958907
83967046
83971328
83972148
83975449
83982047
84005561
84008449
84010824
84014793
84022759
84035922
84044597
84053064
84062718
84075796
84078891
84089296
84106956
84112919
84124914
84126541
84158295
84164410
84170315
84172806
84208904
84213378
84219113
84223697
84225519
84234821
84236569
84241621
84250531
84261098
84266088
84273802
84277295
84278243
84282052
84297241
84334534
84340395
84348911
84357494
84360706
84370009
84378209
84381532
84382246
84388561
84398477
84402160
84404112
84413054
84417134
84436592
84452306
84457026
84467540
84470610
84473308
84474108
84480803
84486847
84488863
84493780
84500183
84501238
84501669
84525485
84538008
84538863
84551790
84564275
84570349
84572156
84573914
84587510
84597973
84599222
84605832
84612717
84628553
84635229
84637294
84640217
84640514
84646234
84660392
84692079
84692259
84715446
84724670
84728609
84729981
84735613
84736038
84749200
84749303
84757033
84757314
84763022
84778240
84784671
84796565
84808861
84823095
84824064
84829201
84829441
84846825
84856194
84862415
84864223
84873748
84874632
84900207
84911268
84914821
84915495
84968550
84986366
84996015
85014111
85028300
85071760
85078086
85078292
85078752
85085544
85106624
85138415
85148343
85182478
85187640
85191036
85194520
85195712
85203329
85212026
85223144
85230036
85230453
85234883
85245480
85253061
85267396
85302699
85319794
85322005
85344248
85356524
85374418
85378726
85386101
85386213
85403614
85404245
85406542
85415695
85428133
85461311
85469205
85478504
85495124
85507084
85518875
85522842
85523912
85528732
85528800
85533800
85535884
85539036
85572920
85585202
85605552
85625579
85635287
85646670
85655029
85662123
85662985
85665159
85676445
85676774
85679119
85680122
85686989
85706045
85716353
85723522
85765987
85775646
85791831
85819050
85830137
85847943
85850073
85859563
85864130
85866812
85868105
85872170
85904370
85912722
85939691
86004234
86009074
86009857
86020315
86029062
86045180
86075768
86076886
86087429
86098793
86122068
86135305
86142803
86148805
86152617
86157007
86185085
86226505
86233612
86235981
86240664
86242229
86250445
86258238
86260328
86260425
86270451
86288920
86290032
86294362
86296611
86301488
86316849
86321047
86321988
86345252
86351031
86355868
86359756
86368966
86373230
86376159
86388674
86390029
86432724
86478186
86493706
86511945
86512806
86513198
86519237
86520453
86521115
86523068
86529975
86547565
86551113
86558722
86562558
86563724
86567024
86614632
86636877
86639485
86648574
86660634
86693929
86697046
86701278
86724855
86731789
86746752
86770130
86774171
86774715
86778063
86782570
86804336
86813092
86814641
86838456
86854742
86856204
86870447
86886204
86893206
86903221
86935327
86966235
86980076
87015246
87026271
87030810
87041467
87089473
87108047
87122582
87160099
87161803
87166595
87169969
87170525
87170636
87176054
87185996
87208522
87210769
87211358
87222644
87223236
87248488
87260498
87266234
87288276
87295113
87296444
87298651
87318654
87349772
87369745
87382053
87392004
87392037
87393371
87395428
87432694
87434371
87439639
87440248
87479989
87494180
87508450
87528236
87543646
87552433
87559063
87562180
87569282
87570281
87577418
87580623
87586714
87620378
87628168
87637300
87655050
87684249
87696990
87704001
87730454
87742931
87755585
87771556
87779998
87782550
87787189
87787770
87800549
87843459
87850447
87857605
87859577
87877849
87880412
87890892
87895694
87896674
87906627
87906884
87908577
87911554
87926169
87929716
87937151
87965143
87968193
87990281
87993004
87995140
87997729
88020568
88062961
88068660
88079751
88152357
88152376
88154794
88189015
88205391
88244081
88247027
88252981
88255279
88267515
88275292
88280601
88296450
88300885
88306330
88308178
88314391
88321503
88322510
88334105
88343171
88403724
88415106
88425711
88433361
88438394
88440313
88444982
88453719
88458051
88459642
88474850
88511930
88516272
88525253
88526429
88533055
88535857
88542919
88553596
88561129
88562576
88564821
88589451
88590557
88620284
88620993
88626712
88631966
88640458
88644598
88650463
88676626
88678972
88684345
88687123
88692914
88703251
88704703
88749042
88757987
88770197
88797795
88800105
88802641
88831152
88839811
88847264
88887866
88891311
88914628
88921920
88947050
88955948
88981150
88989173
89004072
89018021
89028978
89061813
89071683
89073484
89088978
89125520
89149929
89177399
89182435
89186435
89228096
89230600
89233838
89244391
89249124
89258566
89269254
89288112
89293614
89295818
89312832
89326066
89349801
89365830
89400824
89408363
89423929
89432988
89444578
89455522
89456653
89475451
89478846
89494797
89499855
89512414
89532377
89533607
89569323
89574521
89581334
89613379
89622118
89629716
89636929
89637453
89657721
89664544
89675903
89689036
89701220
89711570
89712749
89726926
89728884
89732284
89738184
89758915
89759799
89768314
89775811
89776024
89779275
89788117
89807711
89829875
89831997
89836594
89843458
89855876
89867223
89877381
89899574
89911043
89924761
89928149
89929857
89970113
90006002
90007298
90010574
90023901
90024619
90029868
90039623
90054610
90063057
90103094
90110784
90117808
90194428
90200102
90215523
90217596
90221811
90224479
90268824
90280067
90298527
90303315
90324318
90328727
90334754
90335646
90351888
90376358
90377942
90405161
90407883
90431370
90439105
90439793
90452273
90464624
90464749
90475394
90480199
90481296
90495735
90496121
90508646
90516222
90517523
90518739
90527361
90546027
90550072
90551510
90566995
90577210
90577399
90582472
90586356
90593840
90603727
90609537
90616685
90618412
90623689
90634814
90664348
90673394
90680768
90687938
90689069
90721280
90725611
90726371
90727414
90740503
90757665
90762290
90786709
90798560
90804910
90805105
90807821
90816086
90822007
90831290
90845183
90846361
90857065
90892270
90893988
90904560
90907854
90913723
90919287
90932523
90968805
90970790
90988209
91060825
91076912
91078666
91080272
91086944
91097976
91102491
91103951
91104801
91107122
91108231
91126967
91127628
91128176
91128216
91129040
91145853
91157002
91158652
91206229
91207700
91212132
91224406
91250805
91279073
91286888
91293022
91309177
91324459
91325768
91341864
91347199
91350583
91366500
91377984
91382258
91402299
91406795
91429397
91430589
91446938
91453114
91454508
91465768
91480387
91481212
91498843
91530271
91541149
91542830
91559175
91566605
91568954
91573402
91578700
91584756
91585662
91614813
91615260
91639584
91652201
91655028
91659963
91666831
91666923
91683824
91685056
91688990
91690027
91704909
91707128
91707426
91719506
91736698
91739829
91751175
91802409
91817543
91831382
91833113
91837550
91837802
91844651
91851223
91859182
91862587
91871600
91871828
91878966
91883315
91904373
91920059
91928902
91930646
91945590
91949535
91961252
91979651
91997078
91999143
92000882
92001334
92011006
92021172
92028207
92033046
92048491
92056198
92072399
92084908
92100400
92102730
92107349
92123344
92149805
92164449
92178142
92231757
92237106
92247373
92275829
92291691
92301039
92328626
92356959
92372755
92396347
92427337
92428216
92428576
92440224
92458576
92461733
92467952
92495299
92497247
92512163
92514309
92514685
92523089
92526271
92526897
92535218
92544885
92559043
92560752
92571643
92583745
92591394
92617542
92624300
92624769
92636707
92649829
92657193
92662063
92694798
92695476
92701184
92714522
92716153
92721048
92739079
92741323
92744998
92755164
92757802
92758289
92767447
92773613
92785964
92790515
92804792
92813831
92820054
92821017
92826147
92850247
92854444
92859593
92890587
92890685
92897274
92903588
92906837
92927817
92932108
92936218
92948864
92996030
92996216
93004880
93011202
93012617
93017886
93017958
93021409
93043567
93043840
93044926
93061416
93092144
93100875
93105005
93126893
93153910
93191375
93192490
93196721
93218057
93234708
93236668
93240078
93240445
93251842
93270440
93292953
93302949
93306440
93315809
93321629
93331919
93336074
93336689
93338183
93347222
93350723
93364367
93399900
93415468
93434498
93443344
93465717
93479561
93494875
93501347
93506273
93539174
93549147
93552605
93581460
93583231
93597563
93599959
93606452
93615815
93618949
93626824
93642984
93649893
93657171
93683571
93686651
93692156
93722049
93745006
93768853
93773675
93778647
93779713
93793870
93800086
93802039
93820198
93841408
93853357
93862749
93876349
93880387
93885138
93906325
93907737
93911859
93920477
93922500
93942642
93943069
93945889
93947079
93948419
93949195
93961753
93968978
93978721
93987112
94002832
94009992
94025092
94033547
94040795
94050195
94055692
94056495
94061603
94063644
94078491
94082642
94082898
94083809
94102406
94114432
94120816
94124957
94127095
94134769
94140801
94143451
94146394
94151038
94157070
94159706
94186962
94188920
94189491
94190836
94195813
94207877
94215226
94221038
94223766
94267584
94280616
94283899
94284069
94292561
94300507
94303679
94308844
94309030
94322665
94343833
94347788
94350316
94355838
94361201
94364550
94365745
94366970
94380655
94381811
94383851
94385812
94392281
94394909
94411581
94414760
94420204
94425647
94431366
94436649
94450205
94452992
94457629
94460521
94473777
94481484
94490327
94491076
94501360
94520342
94523681
94524290
94537226
94549467
94556909
94556975
94558062
94560479
94569512
94572640
94581968
94590964
94601134
94602514
94612501
94616105
94623499
94626134
94648686
94673712
94691140
94695807
94696944
94697237
94697561
94716243
94718655
94730046
94748267
94759089
94784747
94785944
94786203
94798185
94813488
94817698
94822200
94824563
94828144
94841489
94848794
94852787
94883937
94893356
94894790
94904778
94914152
94917079
94917413
94943711
94961054
94966099
94966277
94966584
94969293
94971311
94972891
94981993
94983479
94984347
94995422
95013651
95020247
95022587
95038498
95038850
95042124
95047259
95049029
95052822
95053971
95054153
95063242
95064303
95072560
95073488
95077419
95093676
95100615
95101216
95128374
95130273
95135497
95138443
95167945
95171088
95179022
95189227
95209042
95209792
95223163
95225265
95240550
95241609
95242144
95244044
95250055
95260637
95261035
95267402
95285285
95294208
95297119
95300847
95310941
95317012
95347890
95358970
95365753
95378312
95396270
95398154
95401400
95406787
95422247
95465690
95468326
95478911
95485233
95488503
95492902
95498862
95526875
95534947
95536753
95548004
95548539
95549272
95564852
95565129
95571592
95578854
95580364
95584738
95615110
95629073
95644682
95645601
95654485
95662280
95711850
95714117
95724309
95730847
95740576
95775191
95829215
95840975
95848316
95853844
95864171
95867681
95873751
95879805
95890285
95896174
95899026
95938702
95957289
95959003
95997502
96022208
96028019
96034338
96048393
96051002
96062616
96067420
96075742
96083857
96084869
96098265
96100627
96109488
96115800
96130624
96145308
96152361
96161724
96164259
96172517
96173774
96179737
96187455
96189946
96192328
96193023
96231340
96233301
96237302
96246956
96259419
96280501
96308013
96328784
96354325
96363529
96374306
96388757
96398520
96402339
96424771
96429205
96430002
96434138
96448187
96462963
96492157
96495512
96509380
96523403
96524099
96526000
96527498
96539872
96543991
96556984
96562058
96564378
96573531
96583087
96599083
96603541
96640172
96653167
96653276
96669101
96670349
96670783
96689694
96690489
96697585
96698819
96708229
96708480
96711846
96723482
96733576
96736698
96744536
96772830
96796396
96802233
96805177
96813428
96815887
96854002
96880139
96897995
96913022
96916670
96925088
96926318
96931970
96945084
96950670
96961057
96961394
96964108
96975010
96988041
96999288
97008226
97023399
97029557
97040465
97049377
97054558
97074739
97074790
97087167
97097012
97099534
97127203
97127316
97130353
97145385
97157838
97160030
97165659
97167522
97199918
97205608
97210827
97211824
97239257
97241496
97268495
97270382
97298226
97299330
97301367
97308095
97315724
97328998
97333609
97335697
97339904
97373687
97374036
97392119
97444708
97463999
97464536
97475099
97478785
97480721
97480902
97484429
97502716
97504601
97509003
97520608
97537847
97540349
97544721
97547071
97551204
97559490
97562931
97573580
97577119
97586966
97593440
97623970
97649615
97655566
97657248
97663799
97676157
97677311
97681896
97683614
97688401
97688923
97699937
97709529
97712235
97723177
97732445
97741122
97741900
97758523
97778802
97790693
97790977
97801485
97811664
97811670
97813143
97814225
97815350
97820071
97831769
97836658
97838928
97849358
97859879
97863376
97880420
97888699
97891118
97926913
97930231
97935855
97936937
97954548
97959026
98024795
98102954
98104220
98112051
98147818
98150280
98158016
98197574
98201057
98215924
98216038
98224521
98238669
98239710
98244173
98245080
98253039
98263829
98265527
98285392
98286178
98324859
98346003
98348721
98349336
98356006
98374561
98385897
98403244
98431609
98433103
98447264
98463622
98479235
98485825
98492427
98500265
98502831
98512545
98516475
98530798
98554498
98557035
98568640
98575261
98576948
98583505
98584451
98605685
98611818
98630830
98633494
98639053
98647106
98650494
98651789
98665739
98675492
98680020
98688101
98689358
98692747
98698729
98700228
98707628
98712467
98713755
98714003
98718720
98719696
98719817
98723162
98760259
98767578
98771222
98773485
98780487
98784082
98784175
98799967
98803074
98816254
98879867
98881266
98884053
98892318
98893776
98902972
98903844
98906028
98906626
98907639
98916728
98921034
98927413
98966585
98977103
98994279
98994622
98999705
99003661
99013500
99016599
99017559
99050791
99092793
99093050
99100632
99118039
99119679
99125516
99132818
99145679
99151473
99157451
99165637
99166141
99171261
99204084
99219318
99226414
99229485
99238092
99250123
99251424
99265997
99269724
99273705
99292079
99297721
99309448
99311124
99315366
99326026
99328580
99333935
99349517
99352688
99353635
99385876
99388831
99390519
99393167
99408721
99412409
99415412
99427272
99444946
99455139
99457682
99462970
99471692
99472238
99476431
99493057
99536384
99549384
99552036
99559447
99593293
99598619
99600157
99644134
99644941
99648496
99654520
99658502
99658694
99668454
99696995
99710750
99712508
99718276
99729894
99746850
99770897
99773108
99804995
99815142
99815989
99816319
99847739
99868300
99874805
99887200
99909201
99913610
99920916
99943234
99951446
99964386
99972826
99975836
99977157
99983738
